0411165395566749, 16
2196072604716708, 16
2511916978181220, 16
0654047932925063, 16
0975390292113810, 16
8602617891355376, 16
9603798447333737, 16
8312391006592170, 16
5150187840670540, 16
7935748837200539, 16
72253409718465561, 17
41802448348255972, 17
28602389656166155, 17
22565338265319510, 17
56180438535463787, 17
29170160592514736, 17
80554137054813662, 17
77478608289588135, 17
86472906396972515, 17
85504437300635217, 17
258026673085510870, 18
149909015840848618, 18
257540824147137515, 18
391577327009069590, 18
563905766195558813, 18
639247783399754999, 18
891750422432604216, 18
126903998149609593, 18
515100693145462066, 18
669633056895509887, 18
3017957876877346379, 19
7192973105406803691, 19
4592180842603394652, 19
0002567589134060542, 19
8602459062262862496, 19
2244518738334645392, 19
8065204202434918942, 19
5534090824309880511, 19
5429710826833209525, 19
4256519979394507126, 19
67053212572938604179, 20
62442707267705656771, 20
15331915829746259736, 20
43937963819681375160, 20
95786170709732694474, 20
36870709768169721974, 20
41638513554985422930, 20
66431507982915992620, 20
27386590485838747754, 20
71511614740230020598, 20
460906254142451974748, 21
670395301736729258679, 21
179935225295599798079, 21
132158181147285302537, 21
463338500379329232727, 21
172689265823500203306, 21
553481707863955564762, 21
475338354617159771034, 21
587220751730619904616, 21
290656952719989634560, 21
7111403203862319606973, 22
5060356155409919356819, 22
5009460126314294777401, 22
8112032510289775020578, 22
4698120662153462946149, 22
8026525691621408974452, 22
3510313036705417664674, 22
8535116768114456450269, 22
8187888643609120745923, 22
5593508378418853606087, 22
91851333898485342620415, 23
64747545600755476418642, 23
80591723820565910188533, 23
61543427892286884113324, 23
79431901653299319882362, 23
97526188153893578235397, 23
93448819751536947018617, 23
76262066044655094671451, 23
38316159270511903959678, 23
62358559252681452141754, 23
382758113981735611853320, 24
130021837424283590064821, 24
862504918913196580793875, 24
301864115689974165691800, 24
209261139882227890169518, 24
975593907385161426269241, 24
263633509414432222844960, 24
029725084717603293613996, 24
321742760900654560791771, 24
861365804012916882333499, 24
6342031473605749455612761, 25
1281298394743321241145283, 25
3628419403469042571943722, 25
4533871246249075855132452, 25
2826771210621590915471020, 25
5255012715347547057520120, 25
2866993876881886502685281, 25
8992753207644234699519904, 25
6860552150708407806714163, 25
4168940852178911789382206, 25
02091845453916122851216751, 26
68649532235244779337797017, 26
20053288786568830835254828, 26
15997101021696773596237909, 26
81719165259579996148488294, 26
88334411559297560751356381, 26
72457496182694471877434509, 26
60985796678217559723346396, 26
21835401886983904422640576, 26
30424751489835386281411956, 26
361475147792793704807998725, 27
591541081816243579654174213, 27
467597750338999194580479407, 27
690483577907975669253036760, 27
883157395524225261834117415, 27
651638818458721769632731186, 27
519310414563268876564512520, 27
704092429687795136508340375, 27
545610571943480173150607042, 27
397419561763004764943257482, 27
8219513867297459471584471690, 28
1097942933378514581120471426, 28
3805035248474929170264549332, 28
4193521869877897889279021265, 28
3255670548023711325824042148, 28
7406080827305991682812051352, 28
0423432544907514486859704070, 28
3535189937128978207723841472, 28
4005916878418808703695217396, 28
0774099171400738298361674020, 28
50530447378064120301773551907, 29
70450758790639096852723325654, 29
51491464805759378508315155924, 29
11117562481216756826885294286, 29
16201826862621774318853523689, 29
05728361924758578598402580128, 29
73497400670021529013048237177, 29
51261469674064686842252992969, 29
34239438577210950114800706836, 29
35773357700572554733195027338, 29
198166279741353516999155074603, 30
925467806130647302808762504328, 30
181705396227231917497343853658, 30
803887293477368129037959106270, 30
138840883846849965832777496844, 30
632794431022087746654976108049, 30
619923169823464307665703728724, 30
041207716301531532354726904843, 30
204703199056395561003775511432, 30
930699968692221600571637575545, 30
8195308266341455008772295663262, 31
1563470247873267736773678180163, 31
1316757075081339029819849288314, 31
1320181892009581037796451278850, 31
7848751483641169827936637090794, 31
1832181311974550372192105505006, 31
3777716726764594846892469985390, 31
3356012174296979716756334113745, 31
3752121373347989604063158456104, 31
6955916350721590039969404952552, 31
27033707085929424232220480405804, 32
57687581982366260594778544511596, 32
27881018433772387413751672751623, 32
63816158750030511716480459332913, 32
88513330923693272857930179021682, 32
06538799991802285341475243388506, 32
29942938566831147551467133062087, 32
39212994598790012601364477481901, 32
86495808527886807557396221493359, 32
70281181017416521878718491196385, 32
463668226161609971659402279430587, 33
380211895069058654501433768066490, 33
348588700172541074221813762296961, 33
160884729193106552300834004186535, 33
158057197755351925252997634453060, 33
887123811319398963334994115010590, 33
892689551075638045403184739390194, 33
073897343554809262251210334436877, 33
848592792989282240531815395625120, 33
573318354077311050915882972815810, 33
2429323347733405950445842688756188, 34
3583475828172785470910788552615106, 34
6075219120808976822086027775899532, 34
6193457882707977628540802484141651, 34
6492550638174436311190692307882965, 34
5497654962403861299953442177235256, 34
5068147415924568649974033599997595, 34
8199095330011423535648234101268305, 34
5732964745426162905513284378383087, 34
2967509932415072395579767585972611, 34
01612418116615612036982561063352297, 35
11438309559096748282659900726750620, 35
20269877978503741918393762732309590, 35
90056139615832866339849375910081250, 35
44465853093563832007962221963905467, 35
10639236341422427276656254105214271, 35
18962089587998699652284268664262694, 35
45611431618205678011111018000065441, 35
77909577195596875188730894432393853, 35
01834613062662002734567867705432378, 35
422703536875744616525112383263040932, 36
067544014651977413688039630570668580, 36
537125268771275357016880579138085798, 36
139782156013098199849919716980133279, 36
002394660065144309838125171361672768, 36
356588067383762892970221305058449132, 36
775437506399291146037597970999305469, 36
054646263152527383999770439820571274, 36
434113962112446998682171649133203197, 36
245052784637376787218478880197025582, 36
2178648671953926943821239383373706139, 37
5208626229002242968246845300527853232, 37
4315516825395613446060256011320268847, 37
4892229428188594914701337010048034597, 37
8589110041359311844084420544051822031, 37
4740223054148892463011732422139191383, 37
0381406216943185103699937964941310713, 37
0693337321455990438156167033658919853, 37
7488537632310790397960430144036951743, 37
1726111258527342504903044249236733307, 37
67601024550927642308855328879356897918, 38
57659944750879975416707817811022169827, 38
87499393075608668749436452702032842989, 38
99588141133467047333796198624983708866, 38
26591039294713510492098553565428938250, 38
79774102520094074850767587677604237809, 38
53590423907730009782291092026985764185, 38
21631702437792435765053154883059110405, 38
51306966098972878945295351208588368132, 38
45522125538058370402404101834125766796, 38
651278807850438347097659181158930605366, 39
678144677528958321330149672475246343692, 39
254740482195381163674292177572959137684, 39
058949888302721694212732741255075673203, 39
156445895302250088695755293696225668793, 39
462061191264226700452948263382154147797, 39
326547773585935523657633358352203234156, 39
178550623287510631406261566858116109143, 39
477764069891479809258345235698339905365, 39
088139337026862222506928059966127877012, 39
1823275473087870798348096463903313343427, 40
7127250032101670871344819184051984788686, 40
7689407798269352668987290290781829458495, 40
4427874837369657896948440226656418434750, 40
4372337776517197731855481955856920858779, 40
5036507051870056420366916666105295765607, 40
7877256978120004834023314628734356404305, 40
5517347572954873803835387428669372386694, 40
0967801561011532877594987103133611244284, 40
1061935886102997340286616128874045663551, 40
23017263594359109548510046947476469888925, 41
84359366294823602653116581335384766555447, 41
07029486375036045033203896605199051434073, 41
83267132586301597584877798277341628328186, 41
22219849589241305134462767457797077354104, 41
55712599435085809971063207411940038278741, 41
01597196047874474683203731514806097405935, 41
39378113441650076689237533035505898431418, 41
21634799099766073695047317608969818795753, 41
91185415151622641083894660666569148103043, 41
504244725628302481529105069875459487680633, 42
292198349613281223781864660257685584269821, 42
998818909230137916488510214093612404290674, 42
516829141678379821433970239703682570078039, 42
413069374476732658643460845707248055242267, 42
989649440699186309758378764705955821556336, 42
530650805999708400292986396389161877880571, 42
227912888635014346863705859685814135386696, 42
507392177587532374005881144698161865022860, 42
833178133798179656330458416952583604505559, 42
2009334972142255562610158967576193262079365, 43
1113714615469286745999409480822221253169055, 43
9194190695298945849628176968788235230590393, 43
7712656829682662713843564519251482096301353, 43
2145556183460705346683798782515549313569378, 43
3242232513494775231633377659759845512925523, 43
0582302110662868482199501908450902807484070, 43
5805516630124079237732763436471283555493685, 43
2214638968883619883843456440778560202909204, 43
9672666174863038257435502423771438730915160, 43
68876874729275188669330789520511199779874000, 44
02396100582059924066710723596109054501098975, 44
89244446279327143657522847868909108615085369, 44
43277437444191863722384033985304302421798391, 44
59423953900018390549460727720612843306666985, 44
73613514985473275121537196151561464154843334, 44
39787359367309070249305866158420484712348192, 44
92808873433304929392245428126727468260234981, 44
30221294981526019663104472392466956070596192, 44
07686118204553750098095750919052869098856870, 44
983679337908228971616778530187902386775704997, 45
157309872462737955836300994691220348995254120, 45
651057603992428200007740173490154036627919198, 45
989725064680214442288058367409860202947447165, 45
906329868894691342534974320968779349166659314, 45
897432316045547061076745594229564966880664062, 45
317532021118805198723033003769696793632172346, 45
243936418407161520027984274802459841118126759, 45
855940905127495030075033233562163109891704539, 45
222259025517002944425077945860985100002976519, 45
2554421566538872384497436970849926782829374171, 46
9932202859225016702288080255937123296043224203, 46
2160075650414910751086681854951216435882132415, 46
6239785934327935574830388113208750380748726710, 46
5520751742913031267447828899684084938007709975, 46
4820353143589087894292740278540632596423363492, 46
8828799507733951813663443696280866663570777775, 46
8379568529211816581957343584293915378557012764, 46
8427155581430320204263536454207994543115674901, 46
5385026218931793258199633544474337811610907638, 46
79719548139173444120241926403502322624559937625, 47
63765626245370828442711945103921613405565959032, 47
14151650426070096120276085477293597313178288450, 47
81289646745381269329286690187611151208949038704, 47
67295884086552473561676009231202004511294205318, 47
02738894437991879202609038964443082230780164128, 47
77866606967698850021816480893368244110232343319, 47
52580854839247297007318847897386497988939433776, 47
56598826576318404456066074329396002597672025037, 47
31983810080548543247748628186676390635190018210, 47
579668109017507726770896962157505397314642222875, 48
404960321652306009740252578908063868090357991680, 48
305524619757678784342854782449206408328873063883, 48
184534054656183167861375030199352342817697787976, 48
395516571272545808393026747397992734532531539051, 48
136524565870411023797578314809755377684258469274, 48
891840183498825162810787457829310250177719041247, 48
161109927819817769258305944106824631066398567066, 48
738921748125643825933006652797742009788301593907, 48
627968441021611905401749432745371101030383748388, 48
3679461520119427645763548761633368055777433356108, 49
4084071307657904424270501000709183948944746089229, 49
1842322178478489573503338170101360441343338771692, 49
0661530761564831640296610005849113975535508772802, 49
9587146335531240120720991617735454378131344817851, 49
1151643734090060539183209618376158439428904391475, 49
5949378512536926907703389145098592506119901036170, 49
3760354786914068105159673652120229673140805495909, 49
7373655502574077836675047081328592575299651993692, 49
5655099041549661217348124623935429023482501606967, 49
59991919404555369471797361870265394046000604153123, 50
36176045167853161689659499947837660501826914795739, 50
34176663995116342501498658022650154535262553205894, 50
06255867516547688902122700084798931169417168395857, 50
15086804650330781344532972204302099065648895670133, 50
59234982305529592456686484428702641178111176468808, 50
87609279396113760966749592971907883257991155319769, 50
68876691649663057557010854044454798643754266665273, 50
78096563931463756778717733053376847844360276417357, 50
07128027817501292884261422723983518825801953335848, 50
345977931106400736424552773414959327269953714379611, 51
634866537170761185844169794462705782455893611773662, 51
089120965759372038887730798478133264480625728631261, 51
204025903676803346663028828361113689562289449819202, 51
927074815781322725595525567767477628970379207045743, 51
000119078098426649970047758482051770422621063711171, 51
202388336219694477619907109832711741243706868043249, 51
144540246682022634570644519128314471197850046489442, 51
365491879722694215011005120502648446654471942999467, 51
374405569910211082933640061232534430448438215055071, 51
9752425089913225230596840000691293654067501099793590, 52
0965193954889129804034784508929106708351734303967081, 52
6076877320266224799516588233340266889926795026573377, 52
0166616185920277913622353001334156112462167418008655, 52
6214111909969306884462607421008860134602006528845983, 52
0885029347855259918242581465857011117390257500396673, 52
3952949269459030890652866843946682517369351177728741, 52
2950885560140836139971180204043830717079706920219551, 52
6081582992163055590950657240331212935507387064999908, 52
3539915100817108928603814985183186705676232759356411, 52
06369739943993723199544401792482791732110912143370061, 53
90771605811176681396660238871005828665357504798918891, 53
95164239342981868717853225069667242858288992583911983, 53
93752645411617223548551540462267927646297242560719849, 53
45172103430398927842133627458201465756086357962816952, 53
36709367044980200730870782789485689428249111881549020, 53
89282381450983375005941929022469632981989861403903322, 53
97191699814402881376341343859265270495821649918530888, 53
79584023921805693707288967280217874883151869851876676, 53
90259299033085115911885082252475061955995004456852607, 53
961645145610295450507832161977540634770908671326507720, 54
162294949866620620984048815651509809397002830225833245, 54
162683550813169436728928686221341846806330632252162616, 54
636872383131732861630034712634238652056934096885519052, 54
769468872736398211199880262230416155535252178610649499, 54
064531917922369625720498323364340367873582577145305293, 54
224840714419887284503448555213535845370292772273452169, 54
419002133756444174307311268030978075719919046390838836, 54
222225058575498558711829350545097806025268106961101422, 54
308023523770676796203043747432299885187571520547886591, 54
0992763232650629200194042870480040654998571301784998868, 55
8157588365046702573645782747441573910872153903005743262, 55
7925040257729235556160684482534293581259638698823845381, 55
3615640608531648872230695044245080513409316168715500940, 55
8936287529461901130960500366685023428719800627010509503, 55
4732802275251345373181905256279133781967333118134505957, 55
2627578297875473614134703990542297706550740167656764390, 55
6070194377368357187780137928389854523979419902072278063, 55
5832668295148738824827079539889364959554212320877139197, 55
4641878148441948951628274542779544793471870047984477237, 55
34196237540071627476251392641951529818783669990188895657, 56
04490566308137102838405085494634255935616728395311523626, 56
73070122174003277539244859572833913029726622252911066138, 56
34127829449118362488000623658745901629894006938733144864, 56
09128146706639930401982891547592507164762730866166049067, 56
50057013697098491586704229527593758399300418483662171265, 56
21286143058926844375917342111882238367976706183078622598, 56
35626518426507378304199643999953774146375957261361181818, 56
21067785740894044573852519447772207133993634099801644680, 56
72678670491484248205472102755017111940979186532650474699, 56
333790099882408386571142109466446737793195393701910368426, 57
513557303318421004670389987812502311347943893167943764566, 57
312344674392518334238116671490712509703723382658507831217, 57
004874579777590073667118920536767300065570517558142181746, 57
229449726373529687484111162734803036012979446873807066877, 57
943813468623236624815906064928889380917307270477911420301, 57
344807311416032587474617103124037163856206730660984390900, 57
796463655054533626091391151434529417835376653642860555457, 57
576457122446697516777627510989658863155823448900368010565, 57
003275766960324031293794099869195916611035517126855455085, 57
7386257221009195970461035555664034395513235220274221423306, 58
9964210786408968578936723734194684726520532879451875003145, 58
8045977105935182990948414633637555733673636397793579548650, 58
2871491879175064337549013478034717884151169580565609077290, 58
4170109803069104495536589978039486534356134735824751997537, 58
5553318681154629284382507152350615422374290186154010087555, 58
4606845831978416714212670410639037026700151882025286564770, 58
5079057522471606830757602393338108376844635804081729313209, 58
4193388872020211497219379143293335731115478554510788962647, 58
2274554124343055544254722063486361070289681403899630301276, 58
34978067207083926127509166380189843963662576199352875899036, 59
96032996358463027798411232944771979101906728295889200245426, 59
34252468402355619828995358892172135465805265156076671337274, 59
46169174110881560224714076202796907919188468439156395162361, 59
31455166874717447394670645946329415911631494289306163972305, 59
99477506685457726372939253482595143389790664352689117199905, 59
07536716767521592717533001064120853690282372870513015405566, 59
11905090217495054386038583244962291707855985005510394126935, 59
12409830211226948512648659966765952770493045300959806663805, 59
70105784430787457113490451708257881438440228227932725689835, 59
688036771306393808937713708806605385591603275054602887684572, 60
718030784317552474008929846835006826354882538310998186278728, 60
118836068349025800192977548797553975375024308672460375482496, 60
984452956097128866495036311620798269411421259659112531799187, 60
875819985274645369021603533481724984422284888889418767124116, 60
155357023798986047884708983440224690345401228376945195843973, 60
529843202210337758525792550337182683533490763804403511695082, 60
336096547277157670890206374350540452668051165481844380795224, 60
027233951000494762677067232783496528134927125123797039027563, 60
450902143955575239356519420655260941585921151826693700099298, 60
7946383546672839416091543074208310996805699052379716979025441, 61
0866607465844766637162926449188192477841680366884584902426747, 61
1291723556943249990698831585980328206568533128867527464107179, 61
2013398078076616962142348279470273526215945800956909933725036, 61
7097881088916762237322115921491291247337983600702784691139823, 61
2024034019966741489440563547631524593814563412310631593843029, 61
9311912421525002738925622257075259180084089817974013818348049, 61
2451375484396451376560773609082338551135596845275058515560756, 61
9552475822036735829712643285556484418262645621684781685670651, 61
7576451194101532920985089760632772132056654353457044140305379, 61
70009305129520618893134316428710254363357371088744330981020728, 62
08412553513534596308485836734006956397737793947315053633892461, 62
03167127239527055303360472154572480683808004197303774817105655, 62
48913675994412979990008750099496646109043190204090571628203385, 62
56496487922738280731501767064158703353667437035435516021141224, 62
87550724836506721050383754174844013313305320387047455412942682, 62
21986492235077798661975341414000184363969450781987452439798166, 62
34904230255702459903940607482527087279351235897045501327181819, 62
17167705852031540953564790467989552504048786221480285430464651, 62
06452905589041113968336329121015606557600747040512936314302536, 62
369018063355360441305875875790743608877522241174519651191377929, 63
630005626478637113041918286390793006944820487071889616781157761, 63
778210798932707499043059542085159329497221991781629420781458241, 63
842764006442221461104499388781602127758429546591159849703258238, 63
275862974525090162948178073128295434246489878043359502792985477, 63
494509508795488035814484470059606903895718977980509435055554090, 63
307837406337456050673031254564876018664045115974881872446392732, 63
665956953361207302961278967345263155312307803879808667412679831, 63
382959800979348394727763201396750647442954512078718711314436011, 63
377196562591553748294072369981898795534742383773479768815123007, 63
1614275214714059243720560913830855643141319397911787917082971357, 64
8438734523492239290462928762071859530467473752467197410973983474, 64
0218773135357915542623118912311085698646847358868289031264291142, 64
6684382896347277639853945115009457990503336118966395484374596981, 64
1985447419724210114071968209969218113475995621128442481832582918, 64
8566223389395051774079923509660413038690591228663378755138265895, 64
1794660805402509042497697519132133477871101342923054829793149272, 64
5365451847683391055393082251160480078372037465399143921163389133, 64
5264059814292698150869879209982058054542768413605111408886337612, 64
8474063910155778151404381081745523357209976925487623251030446991, 64
18151434924814847730183292662295576673892933969142900298680652582, 65
57062569465173331347525481567860779187532093327156111564791310328, 65
04223411321051077502273980268020252864837250693240113431014687953, 65
47179474467816316979308293887881805568562553457221015946275168805, 65
17942598502179591114345161460286913376132238424761343592285473710, 65
91341948830844848311815812693702846171575607887340895720999490917, 65
95189885413017063307478155335891224700592325291593015264431600530, 65
24598190425185622243976491575027138917589570435248627622530079512, 65
82942652814943242686294378821789696806700477723727356981586247219, 65
26616304302373014810672043256862731314604602268956710965177306554, 65
891681917661664790822973748414106745405601222601467702698938403201, 66
947272053349466737152526223494810855601038480626075616989341618109, 66
989138999962215166788421094253847795796972777095141164122776213052, 66
659537514794214973868121959802061869699876263424982021468246741155, 66
316438784330931412991274268971149465255326272362108014965116819307, 66
573730992429818667914176064301669010359558883074936981532911375251, 66
016788073998472227758759357453521913590800478830108576333480493706, 66
449656327984917576110458654209431659946756787859051282903765470679, 66
606875980458589537743978667221555945859028189028374386103657628264, 66
830045642691131176419515009703710009562312421939052082270277464359, 66
6951985548267030694001717088058238592727713649410691860944344637851, 67
8634055095180877192085166416768380601308961092531807637771994341143, 67
1881382254941722862137621934316420348762158763450029643680061318135, 67
9472116346285689908649112398139967767474593728243171419906396895577, 67
1747555401826274226369096269899608662974380696729336881010001891578, 67
7687980988462399421668060496009250035755726614026885463450827002640, 67
9646866956244389765260173364182254886827167921633105082717012523666, 67
5658549027171395219343501603040990892766968369585729119174198588564, 67
3968535806742974070127112391313723624037132512179330822243353868152, 67
5863072970360280851724069369555163389534880963472840381926764113661, 67
81004671447970018973465395174368143688490049059834850381961085709292, 68
16296052184458451359819967694225773319045961025932862631828819339856, 68
09745443385106505623269202340407896768408808855714505606640309608553, 68
19684859651150259920082956453246995796199212353593694084787557923093, 68
33687710533879841213333313874824577741437083477351367332274206670849, 68
68344627264574817975014454837600942757258234034844758444790682256864, 68
10410278138222053840713203534500612798559586984815869839436870451692, 68
24432562323637440907296885284243104703901785661086488863636415277399, 68
58747207292191073852113545886367584928819664669253056033892564257992, 68
87229098429567728944401299504096403574488663840901948263258242752303, 68
542408847394961800977263549383320335589048216295306847358665989953219, 69
702262518800131524683772524039650164904094944060535010701923106770591, 69
312624877709451200638929855645331010542090049377778187374234375991294, 69
107913900779607365246186806869859311451531112103715509818469308745101, 69
750818232986932960736122148250565485948491567190705448688114664158034, 69
840031266193949475426455590649501438560008141583490257727116775653156, 69
438819381711621577035971629354009635770370493677706392615058778748244, 69
841472602124780640800698692607758679719701338276664742930077310689448, 69
271349626805699342389309629104657496309516745844724539582373317831058, 69
341937703459366657502837481916768281512927464250989773389717405064077, 69
4115175216273134435582323391030579923352375361996112260498770680243070, 70
5503862490483323692777557876084127531907730025892736663477110744773634, 70
3763887721642092832019408447863221462248532678516682548177260317447623, 70
4319952312909159634712181282145376180978785236203612526945590940760833, 70
8203985891020955783460568437558632475056331068903003394211652631586773, 70
0443698048387052565708036169319819058232060491417178851479675498034239, 70
8954779453398673868898304154035880745354982829882666156096688675705676, 70
7939102022553770827276095411944740362348461478935152954470840758156127, 70
2754323885251184358448357091008728554102356015262434692633450221214935, 70
2446827779742430363089148198974021589381924478147351968992415685245511, 70
59894651180779659505994450420340891440120648467405339283115327405364890, 71
03704577083947794717424767539084570534897929081710603497944250570524967, 71
97419332630947354054970504558557686354952011357121186323348017789625414, 71
44445117770118970307873106597448122211110635036488973498019799496249555, 71
97280936259502109836838326659668999134885075636645306673547744753844032, 71
06653718098805492333236872934402961721210168439731281501048565629962979, 71
85547510779390584946689187540502446869076348601483239873363252380789755, 71
64684640362005105394684423501887192118486475895655663268795851231742682, 71
93790586603209465151135563657088825741064527458482548236751271922592605, 71
21830713617726014763696128893434664176044156341951422595865755461134161, 71
704277840027206630999640270402332359554673880858009016634878894805962127, 72
735635819739741557346554888756930430897711455656102050226683280497898773, 72
627181795387479181683337631097992899774174592582982461017806491217222138, 72
201073288423357550437833842548033903195873356697613890938290285535620644, 72
501872536590064491890431085243484989152863655016935024649595567400491302, 72
518009100055182465322277093077978188745715680472389882560905963801906900, 72
264734888329942836306612930772351184218252911847625956691981337613531512, 72
366713114676963543511725818520181088104096890899538082096739802240656429, 72
382449866775563348564672873330125204789354271971759028666378912627288221, 72
551676349482692714831142410083703800258166333783677772748516145954162070, 72
4197246121093151175830692465391342326939330111581829854413065542147632964, 73
8417619433484127647492589784510638083118637023921129050914794577535652621, 73
0035756211926736628933356586742175638777023938722705123164690525015268887, 73
0925382180189104276506121336396495286753361207971811226697664075521053750, 73
7695854571831536482125758634473969204734208822027197862676142991891259141, 73
2356195415606295616904938218527929476651101412149354551934061517598822012, 73
4366405293289559302032013821601255009667060646275902325232170583631915663, 73
1214871049696537935079405712834286636880483495598453790975225571184499851, 73
9267392594445328393619756795724079126846045645402496225890474016251686009, 73
8132366955245074587812546914119014116825503460717167639551999906143549058, 73
90718886053647512284607196120720445212439974702306274045463968045172039906, 74
94437355681354615288834635815369190508122238818571807661626548720174735749, 74
47183379195757321043595187964775510163893169521586227468690281692974969827, 74
74565246810344496103189717993799274074450956675439873895756543512467080154, 74
50602192980805390985724443450994083093869952058919241604932947208162793490, 74
11206189668724983177292896020776780438239188430591638679589351177326969490, 74
46499237790359462620665339587241160122504757136578812530100896409713101473, 74
68328219330075677251628513345106768483844103100511696388864310788379264145, 74
33570882044303917324756971995069141655142077045305350615409502565799651026, 74
77900989066042508545499765080007784637668442587792127630509372505279843314, 74
091184024480737478814608562820553356274448856282162719127019469082703677642, 75
814982865412066460773155379587515987679338431015196634487339795668038703614, 75
521997384194226484112796090875405621266105144523684194282891464152583405311, 75
141252482581961052184745313715401488967191467531745992860788885721578245312, 75
485691567970439097109260966554633329120875202897753358707885857721317753239, 75
844229687926002541750801642595128361912039577201472346414529869313526609591, 75
112516166729742782740639716290530334029501698855230984762519812659837157958, 75
439426028661735507772203499288466785685967590682816300735840932808477792245, 75
916955004170403057026760770820307320697795213748162397107452955229142850805, 75
415695279181261562579134816551890279191889123417746927752280981548990172300, 75
6801822918313889676938239709762489784533163626759345184441567850226314266600, 76
6597887586791718979537908384401137421370452018658527270916837281470494863465, 76
9650072106401717344460535777931411570490524027926791922153831868604040234537, 76
3833886203028607046792052695962881300876886544068331581842612805680941402359, 76
8648816278040691411020974214748383037606373521996145386424946931404881801053, 76
6253430280679793797150237581966246448869455688213358688430353564411150029416, 76
7833715947987481237033313005044756555471000848304410307717654075735879958900, 76
3611009841761437886932486757290032305934864559099417650736123108769851705584, 76
9475580705967057326124517040992475138499632433997342703527275446265373584576, 76
4151050728478514220406989256829539004516570738710526926668541576627474343232, 76
50614645528906769676258912214466787266307089534305269119395393763870849996868, 77
27704982891007837174145825491203153256636654296900213373104500299209935776311, 77
01051721549400236915845136547159785342725828845128053266461867938215427793850, 77
82638870500830802894030290521174190403288536614859193732560581892751043148343, 77
38320276669925547987958062989648932703707923408110019770425387242755707185121, 77
02952859025915484385068210813169919450976034870099533125054853167746287142377, 77
76714559241440024663438703037534076043729804471314956005774938019109670468044, 77
59191881660289138526784540600321317285330389258668064035654029634540336427773, 77
41201858897536959640135303655773455372479360858468749515748207993716292136054, 77
21404506653735682615290059694999276694523750350340816127300539283483591590382, 77
089142034045190289853289422723063250294873011906198866817405133795987142577332, 78
807654215739379036131842943636485504775457627917167680130073813829746437491529, 78
518940806588650799105872486124062083594410036319949438959716925226162968142889, 78
588633112238772683451212587015524693466301431729768230375932877415446691441889, 78
465849602408225768442010276001219465817507355725901355414567615966815139803164, 78
527893258111459598732906651793309731668405251508003323452847984722366268582384, 78
864186818536186752081549466565155984830837687303108021447726589919099291726663, 78
217100330339220914899549665792353385596168200978088888516482709706898082060013, 78
839258927864067719958200555549065421822102638326573733040469007686387413497404, 78
216785361488200592647481694879574962896828762148005781693879136164874362925436, 78
1564830516335188599931770412247195328061955325823801189729243315945440540013183, 79
9308367716313751787500695671255244241194391929148123036559560909222094469448757, 79
8989466478212838388400225738857504061641323859262834603777755854825015299321859, 79
1374907903737626985135494799826641368193896845746305659086050624125946779156564, 79
2769194656560187941908789543038564076307947093439685416623889172731865222223759, 79
2519584935984020666239982489882134697902876846060018594467134111771750692678340, 79
9608022434306073485003253669942910255781013138276141557822901564272588831456227, 79
4542171503418667634644983330650720561570077958470335089915668765224317635545842, 79
3493739431112218135568638254003282421894866763531943002476345057850069268296667, 79
5411760613706750165280900056399005083973966468618177688598580395228742238924922, 79
47470250342334580061537151781331616006269967087666661503922806882585748697287824, 80
36358050218649384619872067754462300884582042156862114990001037365082274490898078, 80
38845324790662626365975560741054925085551878018149655959916383017144681865242593, 80
54652553184969670377117097259831569821624365420539452639904201278621982390535042, 80
24639231249495351195936700937476870361431513633621619193592037872611395433571375, 80
00697519936307999847146406538855171047471136115908479561588680284600791951384336, 80
44103124208338716896436511397468529781679255881908536489110472485998282221395577, 80
22231312214607829969687291713949503279352024167695740775031010417967523865288812, 80
22683393707410329634610626567827665086321985519227106611369807910491122743770254, 80
96611693221694020485575384697384274568690077109601795769201990882918198985949225, 80
417697608332858840059396644829904654633944160056599592752132071446497246428110880, 81
596391760452676621074126297068595475640189845142969373246778491876705481806890085, 81
226415854563362853203219213919695722030798227612324825528045306485647708582510661, 81
183979997794848297153563431871012149022063384549024453936649024357317314981481514, 81
183773452659568814658635767679073564542862456226232001088402602417728825489732414, 81
686830076119229239550799787902894837861078335406505900857190302326337641489448969, 81
266271885597246260363645990062687857435808603173680925857935076208715412415639879, 81
360205442026940213734232678246311006282523231221811474573602966803683236762873350, 81
444047404028707816411095932086840970304204600859803069630130845937634542819290763, 81
740326770283661382895148213220936217631520492643307325436532414749677726269054320, 81
3234563399727581729426322972195423781064641778756258922013168903211210028122172374, 82
0906281934490216481328926785308785952357394094264063085138187980579403273301243270, 82
6974547870357046910369810722663626835456051650155891456448455915719004007659921884, 82
2468145963529946637345353593989272573058823657021756782800554462401769354721146713, 82
0707529920738177195065050474989202220293396905972762693192305720587448595588046334, 82
3040316693957849389627753454379265312751759122262278653832460478454848920016850774, 82
7126680882500037908840352755768897591526549451521721854641604709020572814079282785, 82
1229783271387327156403770364540767038870009345736511563683691278895691965280021176, 82
7586000883221031439760242233461979209287081901505881469451288606621101499744805537, 82
3534772110270141305306220715491914160790856931098515622838158209267888398717496642, 82
05303779197867621814445858837047588416229515591827923827884945383136832543441077728, 83
58723508761128990937321817313929220620231636237655808610870442401126149291733595878, 83
91235128765080485572784475334466161532584164711906241391917651886579565807642108971, 83
22400147042680615505031183268926858812237817604504273713321807390491242941089519482, 83
56435503102470975245158823682168332689896050535971376696561319427769468796241421118, 83
39949589435467849576068655935315557861049586472870902848697485748322068118278856315, 83
07428194408599224768272539717857071486955354396428894112181286289012624887435618703, 83
79736953469278949500085436495843793844209785414768925521138222135926482836638141500, 83
03240480976227628537801238562969300031979990644471322660737470757292523051069538240, 83
18558716703519433283014862666852147139211512052240217739469141110470399170728642185, 83
822438785386128993248390928708485427252103869220489022528323244043841018333649468336, 84
006384753769434934168488468209887424130936903008159953051378527615939662643577404876, 84
570572813236931117942359193418240300098534581043837727695485817619989825442003293479, 84
243818679568236228382356818623468084694531888150231614864169689497733344106293290573, 84
624226990429837179483367566239697707007911647775310146086817490100268232662630721195, 84
487429516084782595988868382258240547202840214946473621241327861350514735067599236767, 84
947128300797228879455827153370973529312311707295683629068485777163338652420085402851, 84
065567305062003703254742502940606473345461550044396802425544080870906742132534164317, 84
014228726554270788917489403321486616396571682291897135753344466406996718338755922184, 84
827544113425346066494096173186657866968796663395264971698920691972284929979091184898, 84
0516242172428927859690025022009116249795436219534209387019528614608510559269270692092, 85
0710649215877671704589281484998618422774140602646660788566213941797859073592160362323, 85
5170955135479398716566875814117400836956778381797860047902107396646949517390367661483, 85
6590475243149143156570935019164204250650143931780411239543245300782530056702137261521, 85
9118393137104587465863869729330829169578056216534703476866327560778079469232421562942, 85
7459995899449182781696417676674862089642283372241328043146082335050897999454151342957, 85
1281053304146850482666750150724915049043432859503716012007702322850327431794577392121, 85
5056701294782848788621271462412444777127075662990583343218813167517743991070675023920, 85
5018526514219494550685263088188823311256624798544206699626246438060447367037877046554, 85
0827256243476232072336920654005975664497662955630166286289338032149448876340440197190, 85
98721298492881277228970224591608443223161322877424217194805194836844894208791406053436, 86
03769414816833203040149998404083266218474021876625379447800958204430210245911481817077, 86
38440894620310382960029569469772659457885680920907797046931601175610166315623226356197, 86
10466945810754045251328947975460044608339009701188728483192676835500060053105074183769, 86
09740833822165257091878023556879374293846320987550510150683084518547192933356046413033, 86
50859938843448508975570497266896816893663530656425351829000594432607710597421603001200, 86
48668373511618316780830672998622496321282597541038956803694309638443642329486602797697, 86
03866787877486317263456930780914342360897514788111800767262764515217616095187096244672, 86
75474533193135201529935412491195144523400186990307521286688982478982845819535548307131, 86
97609392956710208491307041954267901698929087149314115018095882488760009934275447461242, 86
077274084323267377596471672474853789372090720242734012736769293406065961266649035473604, 87
325268462293158088126921336152974592791877365274580248392415281487946027520207687754513, 87
834438634224592098324202763696246968312587089609534623126953792202374041005952821332952, 87
807851125961796452529061229945071717557848003866872120028674333289950517848597495294960, 87
635251336203415955492401023830846304698325936363918429664070975585417936437216280144195, 87
636968065357463945948230168655366663063567950930561469669891102575698949184110948322527, 87
521744029451558639957792490924411877912212551926247729730316644316749477712059655869046, 87
666071536516545754870130698049086308370581321695613191635230128212918492717122317474820, 87
707111267186094304681604689299767718753898490067109700133234201109663995223851045904526, 87
594880090232366198482655691153116290681396109283950607910834960250802091700760448356292, 87
7901753265002111919478286451527855097483961822869634788278209046593832100186078024438582, 88
4281420286370827131600443884562046365282266876167434572252142047685938455743446509786902, 88
6617984098415762537626379489928514563019767196688603332751053977091381888195651253842112, 88
5889814846313257446065319598491479621353351797808899365561353139217811887256031952425231, 88
7417649463491238081224539956618809910158396349927082306471390795180421826428182971393248, 88
7494351662769429867394986374423362354011378875459734796343065032734787882224827136177398, 88
4283509868106308316145136646057906421835842566890590844361611394883343654892371317377375, 88
1542917848972084053351189276345051975191450451452981189104582110738421014221864047672470, 88
4853243210734848524661725147828760207456937095108989790433126196522752201116268032827172, 88
3866735733927590982719747655400224233581776529215912726540296622507922623336308476273479, 88
82477759371508314658697307882854809275508630511792886040334719762813121797316746555522548, 89
51370575071781147628194874839263638253094128083773146165558968102612884049162538855686188, 89
97332357689535474519942992345312984959535266176230721834232792669955625688448034970626874, 89
80339855991376969226206915541689828196442441015058062389368111731995766071292396506312479, 89
76865224243178398238331136302191879998679472259026370637792375786736867368874795417235480, 89
76129908584109690594021277874395871425770977308687232801998639982343735604076650481085177, 89
01431279024852287433894246241947653631998349774223199479907077561670625383577727498374800, 89
84770272509019349256824922161246877429368651889609797762592994051443896876912325823240551, 89
38482188871880071080023650842209446509684838095608764711055972550478000024859039079257722, 89
86755873347683308967757453429033882576713712765253169712774210983902922287539448123054972, 89
023262551748009695427381625534010089201068099128056895949622336686346778769930023911145606, 90
574862959334320040894433069225556079400876345758672795895147503396490819326963256388870036, 90
752462492992294002634531253578237446787547641216126822938172968608850901113340223322639943, 90
998700320006153605808768360918705955493303029872558208744868571943807255716089058397896382, 90
233201904536196188221890883436064260186064743789873382530291391326566581759690782405184346, 90
900974907837034087119371372687865709975572060236502354747244377544759183362603495627238920, 90
991510685979517714445564682540928642789727025947766870251246873591219894118410749425758704, 90
763172088400297122204277224400780756306362662170806003794131628003180085827287619799047934, 90
009341733452516947682377702167613119202107763619936209724084945275471099393509464581304923, 90
403837905508003984441440277299955265545385814752457443837810058007325052749914619685001566, 90
1163344273067145210907436226525345078878088295053716598606582306899469573525703506025932311, 91
7759827737720289710194890789676586359540828360362405150706706038728804532476343058520429126, 91
7803919374526121730059959097033910557165358338284355983094351355737250411923832462619713985, 91
4019562313706060132945078656585198035486735932399670704424760671883334476368019097011090522, 91
5224712390943927260184096631919450078391142795619847362097815489228479276888403497970592947, 91
5826430012289031967796773159149833526103281792830945496447697196018308063811591922114289537, 91
5337968439341625232396519836426646884278650254788789913732672579438212073910929916140346773, 91
0709408344967857479690677800863964390156476936947872450523347856971526707094590877593761232, 91
3839999492630741454739750777386331486927866853120063848304512040487484524144993054862458292, 91
9795965885504930913121215589246814752479681281178272458789826636177180218892970481249739567, 91
39182593888820347112734304350555638746200519778709708825171730460182070197665982056998574312, 92
40337224563032627354471471428605698318788877198735329199214955407884771771315415794821836906, 92
78187583537633520350422961526651400718551327144689517587968239120505423255270526364800693352, 92
02298255756901076436435312093939326319210573065497330043278556277016740185175429426588530435, 92
13756315206485281105580041163047653283570226930153908810085356383078681523168925129074654313, 92
33194897232178129374124326743127868816534594562915458691693774147607227967657817416303548087, 92
92219148654796434326076919929735600326263243907683694415391110186168255724609623007998486613, 92
83712351201267461736963448309524768190592124442173746555494270940573704471422664221866905485, 92
88092869060977076737119340481894534444064155546648047164363227195906483978660110409528392158, 92
12566397518833604174410928087660917236312448426495277525447725253952536745546240786421516810, 92
758254898939954110194080920625060791358794839708216804166948823452834443151147623330672149159, 93
166912234200184343079876896231739618002785261363248141223153043458323135393575838821629634990, 93
911646633133304783962652187081006692721153645930140540663116773742301581364312806118318258612, 93
753463768362506330453379981299919024820585183144695602067973076952004947878071523675579909619, 93
600435345148748010151881843730675631925210693278168746958283164346460457912110707675029756077, 93
409586455226808967581228267090759384674150397023230023166977946934980214526712646736861957589, 93
668685952476288639600479860189099032840437411033703453209459936138296013228351806648169891629, 93
910068946347662976238518011603444314307768753733185998634010402452700786476589572172403350255, 93
322619231619730853049659506642930250242056779892193648607425437207991099452319374756407485641, 93
471423174625872982654661178898440511260717093215329426098603479623101107713283686581008161638, 93
4735967346675943533014964677532580026249971641560010197807306132344397112920331982404020318096, 94
6126900182188032903451854124062581281663929579309616560981184239731848840115987751004915010905, 94
9902511089602796725991965639998001411643780606173163706149056906267080714731246059707638982116, 94
0269790381963555551379926525558083990766794548789821183146402064946433151200908263045247748826, 94
2385806829177106365670682678909799140232790958514514005449655380779706737253272382772197634920, 94
2049681131107386186251483056056621407510804437997775028145761566051887242543581792371947089586, 94
3469372428764372684830215627056905120722416303390552615344066596673989256672929342470252399441, 94
5606492549295113591251650217868736268654083695967352132008069240353350675741307904406377763939, 94
8434906491604498042553211618704734754999843321632394537435228700854672819729974642135073927920, 94
9007145495845868468835180341789801921900512677963284302707978628952044817438800862609941870378, 94
94288792303948714538725580947783642997699328075903790683316322121344026109952272330465612110217, 95
82257925068622099612372860955195594436180827779094030085869446168089842894268298125996461034227, 95
62063100126492792308335239830170744768074153962237775368950568792995844021616299279647153025127, 95
37718135971790788518659283473498611656842629700959811311058138660193342780492698681939990239707, 95
88269458197415029542015808611187566421113157110834177679558918778421499236587751175839608360340, 95
24726840985809702562894260019866957223951600259387616379247660881979904073575793935834870252184, 95
50992354608001009428870853709514993606104755850193918675468776720746324374578937373101041848254, 95
09247642302742551733534854760057448837301134712126329027544912474115407487961213717332969335782, 95
51090266191378481312645487571434428472194556836072980021219562750102234526810678480225753591026, 95
71659922614311475107506264539503740382081630869343096863546717836656335103656433389070953605609, 95
643565300249020945281901115502998021612907472399816383231359451695255404214560918931449508326887, 96
569079708399751929532222896176582921656393298123497709477866677368549199198867386281959879223513, 96
291603860527024173315532375509775267414640046251951484248957931040280475067876860298700884712990, 96
275905191694009870506502441158380434148172199125451591142903776878415147373759813533706666571965, 96
267643803735452894221520095455982456195001431784650391344838636428491419449604612062270724112943, 96
015521060378154328293049968709996853207130172367702057126785486223968007059561935795518590750775, 96
932872370132125152044418763087256617696528587879489488192600667180782790548119993664457961762423, 96
672868418497815254771505941803942485375388323054562619261253224274113407763990049222440080884048, 96
554474659996251515614327446926048866033573870984418527603698490932050873336591321033911008838132, 96
579169836427883126628962116134307964091006319896026625201102995420748457259653123984465610562385, 96
0452412045725083367574750093660840555878845583930060413523266186825167423274108384770289866054866, 97
2084795383309625211018889080409630697610075176191365963241971637349293668085048423397925645659387, 97
7033415796445389140546211814602864037492669432356199615701389207316699995743424126842783373647969, 97
2476311179423362487827444105071194806631213929578633778366222194192255621690319147699567240223819, 97
7677346158130998113322405418620890066041871240311850421656758773043192187912681537727906040839931, 97
3512006533588300327018643049963081673540360748753632728622805618942328970409889746192110315717740, 97
6186976548215408637973968563902038309220235475986271233996284866681350587735393655164081801826514, 97
9605888919206282253470555898240924144645375292357360920551432701448994514516881825313045740604326, 97
9920599325996208575067253117682549245693763408844040923746765242524307789386631480620518902896636, 97
3178136834773603903641197012491924049326574596046850922015122996199322466773840990930020935142236, 97
68095694506079999978600244345007131196969332825117415613550737835206053880664272875576497926806914, 98
46811995914554376793682122914099034931258717548954156339059053372627834981439657884011424067918541, 98
34518377684951300103862884133198998980739145997765161833827274546241565322039462351592270412653293, 98
10272426989158117223998379854062169815349088247666034226984241546417685667404525006245703142041100, 98
91193974818201127196564651024455125026125451584041538022686762070872175438128667573567691149379904, 98
90192695461281836453259652885784597358629855945480816345556610396158867163137899820264006036077081, 98
20903828111289479735522897429870712101329219640913652255300986994544859998517849093826692555950342, 98
28136724639712205866642048253600724014676477703626576762184143046862516237771875406352013766011968, 98
25010178860678827472378230742681568418484250634128322279425896510381383743407189703408537370021699, 98
72310459460998172797858357432847459291855465759222575651420899100888828862604360297015554433856419, 98
425475995191034052570828135121369315938428591634959814823483533207447861249551980745705041959830628, 99
269431693328816621991853040317224020459744079958539698178867376912522810837478281706210154418195773, 99
627784919586830886558697126782580255582193742241914803263399509697606979929320636071856737620464344, 99
658513803862457430364228361420371725475337501895355395280713201522353715668550645117656032961186810, 99
455081134849810796085666913938848021895408167863301239201681105453297054775204627622250963047651379, 99
318820099029970134382609877927221341399040441503148204721460660376499440227120264870514254836590999, 99
658331258959861883723716296220197255223829596959362242923557037763820784955253278761825887609252259, 99
553301909456792337885728868986161575705590346752030255303050467764717772387553002863790186704870636, 99
419758804387928562979731791552044283466630572609905789296144092122433757295850014620201405648560136, 99
502878502495072598757665901430913811646411842319818344915461462407563245812396077176605265057077691, 99
0751205567828735607674558952549454796597181882020804703575181009952219146413079671192655841215493271, 100
7319281509731015551649722492327611678811578295753505197518560627611742953887587640375895654764774072, 100
5850068405493971067618657412040228354143628314246274155962751791149622077489414221416946624302626737, 100
8825425181826427448364904412729989165118954996287409763661317222749563502816658663919116304308188668, 100
9316915272004147149559314064492552417138540099327024600902762869657377737792703350264772943608038833, 100
4251557570957140048272523804387671492039269107554459083416723238995071061758859881599033989967226671, 100
8231961544565411658098279365748196420781242726692577773360857034339750743020593244771496376678774539, 100
5004665211987562717357750349381577589387689850714669901697055753654908373318726906216179166508186759, 100
1767777063298918533362767588212055682953206699512237206992456570360724792709043468502573094469838481, 100
0830691598179453337384169644258524829891183885942393974212773609412393603796001782374663932572827229, 100
45108782904754911616372618851276961535165303522003530932246700048665740561542680844265089417052155567, 101
72808830335014804256396905565629580060496687997047452793501906163047858741836021843916407135123752887, 101
67302623836258101292046500890195440765247132620631644651071717491614328269893477320866202483864391485, 101
51376782579285587862428682087232537796070182942089512876665543990604160567665088108228726902971107780, 101
16060022885593182501602752555864997305106954470798198510850489158609887063801567361533632489180003698, 101
69929623755276502304271780516825925593328730996777687397979825409540614969115135960887160798222491742, 101
91641542716496507213470813276355312856424671588906426690512775557171557263345549681934337580233338344, 101
64039013133826783554219549156512122305008047841432942803094772610620447295411442712815287521877034263, 101
60415351541257747482593038640448901643263142421809926057565901410398653628282610748396019994514980007, 101
01737516016941469038415552021718067518317003348948844071209713595874205097882089316698112812064326300, 101
367865709159511347656689945025260277625120544763321270407904598605379637536693092820156586831053086122, 102
566751996907293427732084510795669891153166630377594876587025114437680155816842610776766892307891156778, 102
825443489627844441796330932169381030157964629480683518209879509779301176789444179077646264184711741084, 102
646661097343825228066673255066046324047986466114512585897693891925841877112984287802658458762655375952, 102
386407047082597328934090550208489758240952063011109181120801647225128782649199354545518791628580338185, 102
392220045873318748039826353187939925316998352967990075350978362248980682358612404540721871550740250284, 102
768819819258639253419837731731446849210434185687775759665316331916636489664995199915922568438056763081, 102
777281774685596531432529548016637339685137769657876014871998235404369790390643361336511856574616060273, 102
300493852904231213977665832015319877804619576916898708677857815093065619743139483608232932311819883001, 102
676620629902886298573335914152454561043463380800711872682211085924676889270881237357466012539478700133, 102
9949267711947799398597758602927729076268032602041030780889547585021237997657635678548775177116632393328, 103
6167165254431121383783289500117764195861343640450721590383173754278092560772315673034326458836386735251, 103
0537133799822827477389542150870029563036232591546997957522231267494284347153542216589959067699739729553, 103
5120269091007703298121200274703451105957755665794268229848742416069641022113034738722771266460249541976, 103
1557559657482192281091348139534802551313511433869356674625118783832314989627109738001939211304862740797, 103
9118549563965014713341018132674452039870696771871727711517886076707615003244501893747554383067037565203, 103
6959153569348242019822587347050761762677635263451677407454636568737761401784795258300065580486009745793, 103
7600058307147316756989747430354601911985102188176385758596127965082227738793988756462309443833593818705, 103
1587127138320627668185406761061181166846078516482121879217500215775432866212924459219609156346537565294, 103
7857759818834275405934421879267970662268596674741250559915914489925961411710918469078025333188649768723, 103
80787695589936628983091341459789892350597090888360185384287402847498696980786376129610863737097666344835, 104
62609079709921767609295127369319446977703879873732670169216750481954430511760133377791999111500759743950, 104
42006159849075048011821359407626436813301826273399909354480992233258993393553760139311250683541784902469, 104
32912690899692794601587928492142070415082135300571138096519903873496010247499166877766389709887694430376, 104
56974733735370059736523319737938154639777062309949701507534894611686189893731359375314555535147122758241, 104
22047739079935157078843084331679789065095996691619125085962255972052715058585736923085160060501115499990, 104
84815204416192864437543660224468786460101056161201677909965234617837638257091963785662621262325459230396, 104
54059155623796326223493425439675108429170400489999111848141880393592479095612255251626548143198277172582, 104
12039454258931523751194063410771167185663297080722191931651506261520780633074934179970803476166472641144, 104
06114317275247274999052118051864423591600084151811762564635918672208179259522799858197462990665630907640, 104
084815361869931548724875526958223208018390815921405767768741576210175685580963688043128951631743400111338, 105
922793455285470230194407901040160428224455312606724973826458596555554686633104331589861370685329509138833, 105
218337113195136675029351327136747724454393127013463729871981269590838327646363586365224054970617295266917, 105
766514875976254144390421519670971653896002922536762733455643600201206981415472996157572550965793381461385, 105
620640764601462592726388961099335617301236073422109652178999042927494011570357996112428084536746401530971, 105
958981452048423035569045018821439875672643316464296586528093292685576519193603365852988011990204588921061, 105
325891114160269222227155755460944563031575928870777183053379262844023680494197612224790573216180010709994, 105
892857917528840787679724380708142049165615465810909647438096146709805057361645941824204808719490950753580, 105
212070244019157884266401602397638392623627935593846019147647413533963048225403318934779727850750800450903, 105
960445956374386606797916812719248251766464547831515531786523756595160747848619263114480043499478961887436, 105
0550599700426717782559522569139291624803859868829965115424458222761829686417709957391463872180978808840340, 106
3988141757977367937067769730037057392089733731509996301607903673733820431454645218671618549573619128990704, 106
4725542408227394279018549518439194652708381603515614898018111203965013631876379946643776932892330160110366, 106
1396982173907625520237956098911887795498631309726685603549506317788402955925587965482153702787930703658448, 106
2228644447627122806620104362644835969423295533211008329844931172548787155585987030506473788283259385198001, 106
0459773138998835837899063176476767562355762537417181498293527650444107748823987072737344808273332955924795, 106
1648517762080348408130823610207496695321567795417159553828757479340820214842666100044186854266030119971900, 106
2708914511919115687903945325771145633199728242937617369963897092474376735697383941033460711152564872820625, 106
0610441971517379662932003345093811930135281726828387296820233936134856696288575022276810394968649563500413, 106
2733129698374134267790599340866488162906048631947323341764966511601479459449234792822468675184748886169241, 106
66520374116693972835240966667866031770171520219265178368229853408487355146228954995213815532983082520034254, 107
63069294030885934357336988922736287092566061803190986445927853326847531706685455241853631630319920412679849, 107
10456781914530206540409456603734346181289013756763507088073009694285475528472422665281359766652810812053877, 107
37427250068842584988714278362636380804125053328133002613451447362107384867720096880958890007993219836966165, 107
27322011676651471909744705786362638768141588107557871057633978640209931714843409656697906751914139403882324, 107
61170724298354010383231551037410485559904648735318049165125115635301560865005515443482603482589405938139607, 107
59534603094564883628850348304861774800498693431247851499659969479984255809699190274198780937586155776466598, 107
60964559441649093150202500333081805908091067438153001243152869653852747225173627981790291937036527006636500, 107
14666526489976621255626496321111350655079266117719362651825814804090561918283527108184529619955139719677872, 107
47378560167624603830599100550666026376617851597595305820150777618485065892215759679370529668557260559300177, 107
852476611089885484765390199676108967254838653681656062642319646166364448053911351376976575411177471283926513, 108
849389359099769459419522748676102985746610449901823328944853354094350900327574561223444511441336524988443287, 108
552705683506817621807562404143391057157170036655678171116564065748092070831233503659228941743449568024057951, 108
620993905753095374169316987858560900624241216958367229512165458138401021306698350277729841723682480232119679, 108
612037721896263787518642055469562894736611916728449113944319493163736396939866688635396110830096164069019036, 108
166775064966682122899328928027574081587110395733506817378826955909571319219754432317267232688310545602105305, 108
840882250915472192560194514498187895855466299798023539944667863909408131721989414289436613325919612447633653, 108
838580026776961804661151056533922456637997076318832207799712984942527515362500510053762337310912369136534131, 108
137611371851226969118399456035608940333054566322477348457265055497473633249646966909591596596699932367847193, 108
262670432333132560525632433024753027223315173421444415694658146790982017471520785571675734930511110520839085, 108
2129291352466259420007699632275372741840790996068553436368150365082630275837082686120325598502650820043799126, 109
3561561073186272817342355488043525977629227528693927637061864021169442845045049803818863353567905488514703301, 109
8657519792378753199691103366423089384052136122089448215412013348218079576559224081064240954125670016743777907, 109
7543592028802309561474549545632451722762862497631226202958547230496922661254450068756130389621390052314969641, 109
6951969093425866960549880800295737782348279885332774617515558516531941294268696293004542090778805371063370711, 109
8177187717873331536734367139171992614089413177148806181579401101562081133145672854462118384996275735927560195, 109
3346694132680170713385628007892342773143460798853192803922096661454890883866251308612392946418285847476400118, 109
3215684715372875479067178836945760155995505813308752186184296529336236745839336269389760280310921764510140600, 109
2271452213158740309138276447780524334027127378523357779400390851671105104540740872698582233603858162476942902, 109
1402607816512063128401325691635844254685228538539849636179335386414881954356144119078384349008720352260254569, 109
67197848385710222796499674776900350924170721221772928025640290985621807006764496372580316697045560185388621367, 110
20184977386261158605930577164083224706022920030339596451515371008959597077389973419063623640216895644397367539, 110
71408865007789843827413930919684618350175913601373621788392735377523867421191949914075429680027857191050786682, 110
37242072045468776037270497711316653470101171738363038827542386804042204120321242913015398713092295084328125063, 110
71570779565314655047969090369332130789604665800607112804888216913005771737943842982464892506503770483487986952, 110
77571654600153118143641671317125194712928943274653291855951458807180638774940817022200593063144642692658351175, 110
97546476065991644069784612379617549831264325539336839816167685866510232433350032725951124039874347999528575518, 110
40269606147518442485454935778753663046689718242354201639865640072205255471235463136286463076054849462013632670, 110
99578190458129952027594847763633231702704367794020109937792374055643558604547153158506359692093146285070309251, 110
21129991443382077910130146626108359036955025533117218205245312122371385184789903325898789714418575838112418543, 110
007966175238655624398891036176705274586451493712202032412918637490418537498629711593155149122040643156800569795, 111
565668611224822926875411623420135544309715504399669356702870254618589828864731426802549838618630647419733495244, 111
454864202852792463985064866717870352590483856948974683781904972135284689363119324244614295274616141829327787353, 111
939041807519606756990226334030326602303635685762498102866813319156545307451164191215561970117035633243428053731, 111
718749276425339972767642439566780271517275461353097416117845323056796816660321842114572000887721956872280791552, 111
955825874135093880441773952544092403644924161104756585418663409040028257600147437629884045450000793009220120700, 111
612569967660073686534633725561099151304201078887755399888795454661946291312298941678001700403233498324590364412, 111
080866197828210082989110461959070328382580055546091400052718502067126022052046590624309552144174516434896875109, 111
620022651253558963882725788542407110741539279518871968608215342384001603343681450153981875183417408242425832677, 111
353101815806284700947632489697464841464668387785221936256724820281948544614157228468679946196260729690965437592, 111
8289862561792621343015191792420041806613824970932599327121627718439925457764792042851245296773883671021839468892, 112
2557380086681068866278661170795943335407656904818164857749918322800295385036626326393590737131421257212692536569, 112
4849512798685118368680444447251769819790243371588014761772103007014584785655582730364088298061994854911829178292, 112
0854079778415021789475577146930028906979646909016625102613381207798478919610317003083755993170353618201997852724, 112
7225522505201019292912693092550862485642906748275997247435246536878147280523654303666850902717590790340781752499, 112
2999749701153356587801119966207810895025510681380513528268611806076416142605034670461865143101692018639190595822, 112
0995068695636274361422773395606876356343410562122541720038211026964164390380525723128961360221041276985200876313, 112
6571148594391711962691208222574095390716929994009816515990400024471637701847954364204815035826401130781661828888, 112
6829860437357730716664391869418046659054365168787232651238851899574970897041853492703631068088270625479815271315, 112
4336524637390793837487336549589625474426452487704263393756669997653037873024247908439051488701109092767173434725, 112
35395383269030563112468040680381935159593141469586313957093300414453083485510546341790984030859210983143471408152, 113
20845943751648768424562079793609046906252849517891013344161504778794449811364603285779467255584244637805875847724, 113
25043635459301332031889952628916523183878869661780290866257730125909436622684864763607288723838073345254333020195, 113
67682955873472418370747934921810670483443885321576339905200781786025584377461835441867753791454295234220117902707, 113
67783716261944095519966651549614399317813530007972585070209931256696071683811198018913131241180426640450379788660, 113
05685836976165789534519825563010173174107223446665716398823325080735416761255512446594646981546631098115738907901, 113
40014132468275612961349899106546903189134791955430646836214750918167412734746331631327785218568461135548804050060, 113
80871290501052471668000840085485060692436283611128485951490086662594536183676652690921905527907303034842036477668, 113
46068090526204583836024435298244687565862471173973550917032209686979800584581507184059680878653495721600118493701, 113
60819653310657134290351420429455714946312648790862038583780610969014592004621782044736105886452555152719165244949, 113
974246313123087045718094631336192997306324278045372679691729209368371303854116115270630808181655520193905385191678, 114
157255327788515157537247902270121474933921367260008371511915712986134179207222608969724440090933396045891213954309, 114
846805062674791475145310499565895731373573280910490732747992183096139414201936335099067669617349835331440224045521, 114
507708809833305753552879887011994223198721247460270457599885789018823934317589375888531164943450281174659612582936, 114
550793051896038363013322194109411847676610999258253122604361213104898042243993705004306278859175438252884163469172, 114
098099549326480482966824651004178433623129332646618482268025658569560496351731488283128321824692946625798148091588, 114
673667206178126966697823723481056070220008364593497875579039607820129273217675815502539590198093747361189567144444, 114
166254497620471788050070737933941306198405737032631711362630260015140815023063593396020235689750265605202837915765, 114
821546385138216360187784510094443965157500523031938916425562010237552516745943708596292965059556358851355079392536, 114
354347667669288035185914247603456132483068077694137366379292240677445329689557379929008436258764256104178637951040, 114
8316998651946038074927462070397566256303506040557390526372292688682548087409955757204735011520849871287925868887804, 115
4059057721812931570616143587015255692323235903758273627264902849969161177260340891567517418988259027568249438717453, 115
5258798876514672586873180163559852618340853004173413019914043135225137945242704662047753399744585310055021257541515, 115
1304452567397439546113253961230449773679099843583929984533304340745240083722794558025533579586241651554950926768352, 115
1620724258145655706627065158270251899615470500362277870765628389157335480616045471045903479932457108505769398738347, 115
8285460759068716573838824003744130181647165996759816587295644232243582599623126238768884352042837806171120644138755, 115
9782446754620093609496421923703796804376075157143554045021324495595451983439077915131498295538993254273409544729795, 115
5011960953134401370816210134752098572937554932099315129503891369634626382235169580834754764949026285057028749993002, 115
7455615686066359942028016394079144901624376571979587515269073815277799785712067342641739414523578616629480159769999, 115
9635176646181857408355950551746807864275710454068272563558479578082969300140072035283046888830639235101899910752674, 115
48975855231417432860647641248139798604808590097220991685588343388166286864171898552695341630338583299736466640793952, 116
25684880674501123438752742170618298626621920502626275952760168345405657063291692846375704264968262429978458299274529, 116
90267238993763629631353569192229495339807249582613242701548430368007376754342843783334626336565479041702108482981937, 116
88009199317792384264801185501770447526453325059972125312503188985513643468261277879442950197299590986888943206498902, 116
12794517368631448174654430495053090786250057855654001159035990261608405129244416301333066543096126381474392143639701, 116
67207392803118961741694616597505597591061679793309050007537712681014026022349773999288467764454719378671295342291466, 116
23084569265191376927398167319019485153294110808826058162070981078535061269328117472267192403055558784417481775974497, 116
33369977384121639090439761172468007681101449749705341758787203829743617440899087793379274753616340271353542699337889, 116
97322179681511782051395280012028831225692455302471865796882071642995104285238588455235863015411389001130392277407045, 116
67154946666786085509393380206925272724214149055335682872368681273874549225256388186812064102916062331000051155054076, 116
019470196597879539783444331398493375036571575901625240588084100512067177280038887874136656966553802246240273030063721, 117
838930422081295161971191143844094186123415603392293083669381081396814373690422484584161556184597961620942099839996045, 117
429293931679549249245723723022990371020305103072531747785636497051029096287304241933230429875555863266807953933739625, 117
133071954152596962556180652445322659774543379246319350493831442643871964570527644617542317016631883587092660561305451, 117
950018085518762593491585243951591916028876568709611480590001218438578938204184921508096386892962470888962333544056091, 117
043246870377873740368678868430397364856399433748465918872030038346790125983175233206418392494099014057497854033716551, 117
645241886721222184882284219497148388984649515940244833119683373383632997057346935828494327606026448317125803952017749, 117
707338512700173815163436435659477821182644540133219791496180408665849714817134381406173496533059787277815926306333672, 117
457074738941930011624833238726888301225595744464920042185467831736953910555468897683658369328342355930135571239738283, 117
897082643399253167907684815500279660654914295749712036098781496865250404283512865543090246935832925225362430576632481, 117
5181221187719650736079252463389257752954307556943651431515006647217772705858152298486347626518423386486175670706346645, 118
3845577747259672633532120202209584353418013406881654372826100729091696712409883548447992433814529472985889864221752874, 118
3153482097401941632011385895507004663789979721419451226768771761521170219317636856790377718482789349567960880400847938, 118
1571978232112918460928338067206206409505623940686968923336031362826564036795624379052275384560744050160026581981200858, 118
2923370393393607431558988373077085226617236039878227715779749709117862289778644398019745246023597100307364619548022024, 118
3707469892689708662233260425239591418144243423041642849945966438332729851792631150074278139487532201087010856667675888, 118
1598822959512150029408324239754731325192097194016769612072620438640434666697573062183776818988948732744474238270233085, 118
9587524298640172791468597747952620798113362104077388652846423340404827296287943020429420093742403024674620514738424588, 118
7531797880924172052933939961844016520086011412479215190671312389422288558996558823820153846515652563913258920914302775, 118
9635638726752550493703877404003858050233092251452769364111861593278473721843726596732893343416766798189197249130307669, 118
06567196119563705582432676325033997439195808597683153482538542146348212290744068765913175947109034657391315127004026940, 119
47772374627721286795740179331096518662483277547905634093791325744662084524715262275808856966767247196691175409858118429, 119
68813941825159567859002598801434987049610960633911379254540353028070789877857940289065021055466838949623134622737400344, 119
82934223924861916224470826819602343106804576660316360337329242474664214427937738598055796124923489142608905635187748362, 119
45936792543420679680494828412221274034715869213954063620432421915844399735507561877785394166444073741709512881639546707, 119
49861263121315104246444905890684903332223592253254341255676785905751138819237553980396119993734712434683319368968742752, 119
78932795546179063626567347744904450809353615557225560372470790525805167152545890675656523475228982433899680609822388235, 119
98703495443617817440660121903443459450479006007057596907439798465858265109023807571784698260849229379882517060212194052, 119
76831024020085126727711311589512662741923393472642522226629640909450811531263361369184723659366514062851970841750324821, 119
81404043749389196115280362969409910672095900951542466698637342069470717849144221089692992134381355971403950442307381681, 119
855830340928089663629706156320020515865134849607320700865667256258515249173945507709264388923602088891623507484176548387, 120
566667507994854360112233566782108635840401326988388361517136642628960261500007592034612654351384223565685329652422426643, 120
377250029569265896295556854586329813616580338106969951450372004756167251422938503289267787791007577642517470781940896064, 120
710040475864089424815456206695492588209324420715128341952310645889410936693955986320048427348850656836986755508097669888, 120
386127379283784669504508338057372660035718179019154468976667744758497375397222517255226266201964862620540323692611496089, 120
189993585325324430720242008291743709554248875412668152149361789098408315621524881445277030363596689454612788042092708466, 120
811999390656388651507889186986288428653625231194223395666458824653745306223341516530872408488940736883443759583944009123, 120
358371538441850087823421570572640572887912727680841558159996904812204631561731457038146702697397907681550087518548858923, 120
268188668278373087203825223999904561422030469597074335251271076526892299026419483012397000885485986533123055100813078937, 120
480278809664434239875664764079651285611794293420869413681244988317667480997642942050600533141322617560316792743412832693, 120
0103220420617209619022755470569589473919350225827020831464657147980323844837032737825475525855222061889658159292364896125, 121
0700829216765906514427261690637221035474671016666646761049098548586912024800058996243458134086480092371404909633528580258, 121
7181003303800380603257504934840858582484722986407014567336563299367054607215593399295347784830817641476127303507933979492, 121
1524416378290314931504081949690383056087844060597263440667578973896735822325650255308919225061569927168617307824204400509, 121
5762578664367740435790888934594383984851227598509226354252169955601635557449070703951036655360010288071685980845936118664, 121
1298773078735585406819610227382434265580253282508994756594429920569214031197977970996574508018042247668394884312421477630, 121
9880897169881468632992691969573413419600574568646544878484552789372634086812505511995972006568153378232122268069832782850, 121
3686455429888743621357185468657825690496371809336146334420694233961742501381072725471997668481317570437613917837146464342, 121
3845407131386236555403740792372016532407106599426494963719421440917729322505687771775839362694039883492287384541078406868, 121
0363839917526084572489346366949802225606050728295968397100766560008116870633185234662618181883895649311411974965233338032, 121
63229692078607574130844737644693591205006141930814906486918508423066804668790366657889213016804463947408403151511512382238, 122
31208110542111592483309488996099396432912948404476174403821639925965441997369223846343357344580364940822322062207716719455, 122
43051179644429695662585275286901470005824135928070191177568938066154771734296479528999663869824786880978266105953480293101, 122
44728239098627843666611139208420577483719923896733243925030864653917604997638875767948394513171001571133294497496240841194, 122
84223687019657182994287977127378925207208378020800327939194980673558069005987881666061679646508109142911033382216936577142, 122
23133755054343737566224795903864753076738136790948230659409833047031459783619715077642215927450793566656495473151285698069, 122
39064605187705114548731758343382739722312062988708622625600778923237514466665230684132224928589182804238087391182833414946, 122
43318372608438983347255422645290702713217489963842436991862161357327007145945177710728558502311596330798927447940746412222, 122
99441377309574056606014205067672589895632255263016829880673351760040419647510966288512141274238752323706375014762328130123, 122
74152331446440837789411797411251471397736641977025908725378095946769701952527008060535023180154984325419260211075594065815, 122
267843665434133607774587747093781230850629509144092017612500164799880261238368396392758850266387373511632387796217932931395, 123
283753219020368433396187835806364478036829927626851543585690645584022619138876512659354607457599561137767187102087244732887, 123
071123114420112452172236765889217205474596022056930888351288887840437713195500438644718677778695993637016194650686235737009, 123
564436989296443227313991526640378971710579665676364547833669979451453042348064938172585775436207342846336886362198671878317, 123
162422769239972954644195638600729493119606591122471080684456845109613801632679693901605224897976985081994908264259185485700, 123
836892126745063202674699958018585064643276532403530801431257842788014828465560034841877449108459044950456102986833825467248, 123
810973823570013395405284904638558363832157311150673634496479147651013306443173408288118425751593078064871912811479733161223, 123
618095179398101301588770875697484322761500179932825670218937793855221973363756067552598224246352029671515597307667472850941, 123
538571514174837864811520803189973439795549255699012399404395827860335977838961521947066715602500612807414320690797036539995, 123
014977819929592135051596638557865250716706510515179218813097175185705601339087027174775304152357897303756633979003610779888, 123
7289685451859134264778430890415106209084665071673874473882048676708419317186522929704800452266780043565905318691978701777974, 124
0072792690548663359817027928797583435764142149250643507538453925882237831672659569710596573536239101620501164061418831390419, 124
4131038121374757614860360549809981731799448471194161016874962845923208718107448466882847932852499795461208277637467716401781, 124
5859265097898671026916329306877000235547103999013310851522753775348244679627259776412404429347053348055698431176607587684267, 124
2320536979026551439109943015289631665519238421642560879724447107046239763797968948694175480702285072278497345681608220650734, 124
7597051119290749729796309541023174509248272313400295592863229192664879727279974243342670562936957211490390912350604125171609, 124
1144735530809497538490650808143642950096739553603563392021576411097728886384134491520528887013911895037642348834959764838205, 124
1740160374168641905317987632956598505892829568886950194644997637249772779346869159085561954239430668936856974421750934095763, 124
6194962247110341333156573479001925586693893579842905805294358523365028835908986466048663847702391174824904955406282956371811, 124
4167874663863253451391757132027192322498633236565175421530299763438658506078322189114522080888530274671554292556276797580504, 124
91082611688361292863304584379184104454988176515927335544360864409948723186436079611047375798110100725785691295864638575137793, 125
20672972992839210952764328192831073661277437529043550275624880267980223764468697530256602744416108793801120642967442319755954, 125
43157205643669369758896862813832014709321139126586325568364773638750081956045689772352003722289743131063274222672085504964091, 125
58315575655479747420365843507641650785653553952861514247247393783815506496662324135062918833072145819610215299386662798793843, 125
97654399149798767566437622961911255872688580318269347218414850422231132497945505278605610847363477715139784877302071495900991, 125
86542897920657167746900147474277717983235853536405207050712443632438643461456051761095732658912329511071768161212978680753754, 125
06480766563897192568389671792754122896044208408917891507259444907473704669552208437690786655209840774417294576014755937815667, 125
30602065370231932282088658224060344425360008102706080260347750217182302186898803779513256314538709067425030185787613235869763, 125
69499686894486741436289405075689214076027883870110171648341104331913235413884516338212359152534237884840740997499596201859691, 125
45350814167048409642678834446528539754877209345030740887920063454915802550156558523584755518497964649262395027373569274808894, 125
605537905102466762512150056007156497489488577128259625842605944442619574567133009363065951404016784754657908937869694779233034, 126
278938805468422169882390679842969351871877273860510020197231378730416020867254728793128579078910925847388825927569646226818384, 126
309372536086206008001743501673010297098929544718659201121518055827577218766330661708341741064633975751190555719409916581496440, 126
404883374296257553853797158674483615091822709904328088706604724318511261111553784013496309758053755391095845713303393346821245, 126
208658624251881976024753272285341746858596256184728352169637303418152004193360316331263510248111677208471247820104494261792905, 126
697818198771434076982097458256906540339694874261967149577181862996220341784637709545799129626521980846191099439748137451564222, 126
270574021712236200768773769694728374205787520557245703642833599892866827357329282224263991864755836584849627454361973023142510, 126
372228550662680876395189881398442128042561445496869430041715892625981091698527385666942179196183915581310635217751773130724596, 126
451122332230818909655138889066151540687281166632461883238651851687743096082356818042321974981263545235196943749278183295043679, 126
685554426785367254060296032652436021216735316164679145699631311430992086617651180890093440137243549914706597826706685511415867, 126
2435737077377210757385430423553122270892412208438623623842310656487822335310511420793160539104236187806511842543144411410445480, 127
4001997412818141749253226668515847805467209994334059791239491590119004274894015576236193628614613854629006275018722534708395388, 127
1525527589313650171116556777153487779274467760394292036701978954439989875055757064712665056081956817910252182538458717854584564, 127
0071465805252612400433900005141399324301955322566598167491382810700976748625670873225728886902970136436338856329304891997537074, 127
1916550346241161616586485162409365077740240501871702270737112331307752270030879010324657062157924220785378128663120348462443524, 127
1496645251242927421563198140647540807295918875578170676608562962611895841392785122693989927191859428028761426735244582387537933, 127
1579885103659127022446009843547949148267606739160500091788738553135779386395221579949076777347081100051022347406734331542258854, 127
0281866559837193957117133805350388825085187608865479681516039072795088544693146156391965523573565046423102087122167910133187137, 127
9678720104299829916090081800403553218096926935224644389498051343214333266469509791635155794543395696651050644525066596985252698, 127
8035674032974386402498885574572026320235357945950170055013646110759566181782785328810965139256288338047136096423971015931866611, 127
94103911052324036567181474572045015643158060453386112754231338707356236865247671216245220508936633893937664109460570061355983376, 128
08956769607471157889172847446647192301327404628262549913002199530156975011743638644210164040051795591993622325185725646052052593, 128
24386301330526021578969388627920754440851854663794884054437607251681604653722406238737010928002727175668693201114511781724606231, 128
74643718783894335135149485611923189351067479772392464622258538322718724145566419412301224687076282693331624169989722408865519341, 128
54805590702322234643828661018766286068454235905303018200864644694659882696625162392883473828704229286127710305956828898992693734, 128
34534783787765245852952127305429947689427745362502734891124164154529591510450690398591630726731982987673063426234667267968487697, 128
59892071726885742532911070269634781448345175988527899310128269440165487000471847334446509325903608113453147582098505943869738977, 128
82100727470548255244575203213818910111073968073852772111725606238589456731940955744122625628400977473946372801300100649737134401, 128
90202137393450794844913746808273922248031436902218478740191132576211110043447051550377750115419692421977250404053486578920190622, 128
69223916503784111561586119171995557940800598992011921566099095709118847867280494866665401496422972388499292174986558322335277022, 128
